Webots Project File version R2021b
perspectives: 000000ff00000000fd00000003000000000000006400000394fc0100000001fb0000001e00480074006d006c0052006f0062006f007400570069006e0064006f00770000000000000000640000004e00ffffff00000001000001830000028cfc0200000001fb0000001400540065007800740045006400690074006f007201000000000000028c0000006d00ffffff000000030000069000000100fc0100000001fb0000001a0043006f006e0073006f006c00650041006c006c0041006c006c0100000000000006900000004e00ffffff000005070000028c00000001000000020000000100000008fc00000000
simulationViewPerspectives: 000000ff0000000100000002000001fe0000036a0100000006010000000100
sceneTreePerspectives: 000000ff00000001000000020000021c000000fc0100000006010000000200
minimizedPerspectives: 000000ff00000000fd000000030000000000000320000003fcfc0100000001fb0000001e00480074006d006c0052006f0062006f007400570069006e0064006f0077000000000000000320000000000000000000000001000002d300000256fc0200000001fb0000001400540065007800740045006400690074006f00720000000000000002560000004100ffffff000000030000078000000080fc0100000001fb0000001a0043006f006e0073006f006c00650041006c006c0041006c006c0100000000000007800000006900ffffff000007800000037600000001000000020000000100000008fc00000000
maximizedDockId: -1
centralWidgetVisible: 1
orthographicViewHeight: 1
textFiles: 0 "controllers/base_controller_3/base_controller_3.py"
consoles: Console:All:All
renderingDevicePerspectives: Mavic 2 PRO:camera;0;1;0;0
renderingDevicePerspectives: Mavic 2 PRO_0:camera;0;0.133333;0;0
renderingDevicePerspectives: Mavic 2 PRO_1:camera;0;0.133333;0;0
