Webots Project File version R2021b
perspectives: 000000ff00000000fd000000030000000000000320000003fcfc0100000001fb0000001e00480074006d006c0052006f0062006f007400570069006e0064006f00770000000000000003200000000000000000000000010000029600000276fc0200000001fb0000001400540065007800740045006400690074006f0072010000001a000002760000008700ffffff00000003000007800000013efc0100000001fb0000001a0043006f006e0073006f006c00650041006c006c0041006c006c0100000000000007800000006900ffffff000004e80000027600000001000000020000000100000008fc00000000
simulationViewPerspectives: 000000ff0000000100000002000001340000064a0100000002010000000100
sceneTreePerspectives: 000000ff0000000100000002000001e6000000fa0100000002010000000200
maximizedDockId: -1
centralWidgetVisible: 1
orthographicViewHeight: 1
textFiles: 0 "controllers/base_controller_2/base_controller_2.py"
consoles: Console:All:All
renderingDevicePerspectives: Mavic 2 PRO_0:camera;1;0.616667;0;0.669603
renderingDevicePerspectives: Mavic 2 PRO_1:camera;1;1;0;0
