Webots Project File version R2021b
perspectives: 000000ff00000000fd000000030000000000000320000003fcfc0100000001fb0000001e00480074006d006c0052006f0062006f007400570069006e0064006f007700000000000000032000000000000000000000000100000296000002c8fc0200000001fb0000001400540065007800740045006400690074006f00720000000000000002c80000004600ffffff00000003000006900000018afc0100000001fb0000001a0043006f006e0073006f006c00650041006c006c0041006c006c0100000000000006900000004e00ffffff000006900000020600000001000000020000000100000008fc00000000
simulationViewPerspectives: 000000ff0000000100000002000004f6000001940100000006010000000100
sceneTreePerspectives: 000000ff000000010000000200000220000000fc0100000006010000000200
maximizedDockId: -1
centralWidgetVisible: 1
orthographicViewHeight: 1
textFiles: -1
consoles: Console:All:All
renderingDevicePerspectives: Mavic 2 PRO_0:camera;1;0.616667;0;0.671052
renderingDevicePerspectives: Mavic 2 PRO_1:camera;1;1;0;0
